4.351678 1.911485
4.045225 3.980179
4.006940 4.213139
1.984452 1.678119
4.381589 1.702134
3.359661 2.943386
4.157005 2.084251
2.483062 2.543951
4.184984 1.799507
2.575103 3.514502
3.006558 1.795198
3.429645 1.881853
2.207651 2.589701
2.666642 2.188615
2.774794 3.282863
4.356686 2.336934
4.262074 1.622196
4.382886 3.247620
4.202823 2.693882
2.672268 2.289387
2.156386 4.021063
4.047317 2.971389
3.102288 3.222289
2.079393 3.119215
4.197892 4.283393
4.238817 1.827506
1.912579 1.766071
1.954364 1.828630
3.718106 3.768544
4.310776 4.178892
3.190939 2.114458
4.291516 3.448288
1.805773 4.335771
3.339276 3.327203
3.769112 3.270000
1.801100 4.150171
4.427176 4.273311
3.749152 4.166402
2.622426 1.951908
3.914146 1.589361
4.141245 1.735105
4.334568 2.944839
3.681203 2.567132
2.097372 2.194655
1.783047 2.465071
4.246806 3.300674
1.792187 3.454761
2.544002 3.967222
3.157123 2.580379
3.212706 2.874081
2.901375 1.692687
3.282375 3.136320
3.573395 1.901310
2.808275 1.848637
4.158726 4.353531
3.895148 2.542231
3.864549 1.728309
1.645205 2.613845
1.513415 4.451719
1.859406 3.398433
1.784291 2.292584
1.551682 2.150301
1.701180 4.052359
3.771543 1.586152
2.306407 4.412334
3.461711 3.263894
4.248794 3.516384
2.717091 1.725956
3.136126 2.342713
3.487530 3.030814
3.528662 2.482535
4.168140 2.442052
1.571237 3.975307
2.190797 3.317382
2.959131 2.238731
2.985369 3.881371
2.749861 2.018095
3.398173 4.048788
2.145334 3.729220
4.035087 3.857488
3.975836 2.471837
2.469756 3.975161
2.117183 4.058434
3.015661 3.945897
2.862149 2.433123
4.145821 4.283945
3.977397 1.698649
4.036296 4.312577
4.053309 4.173931
2.579609 3.495976
3.532541 4.209173
4.278255 2.501515
2.868110 3.662846
3.541988 4.368406
3.756805 3.965518
2.425124 2.996326
1.955555 3.881040
3.958702 3.486683
2.955403 3.378916
4.152517 3.751385
3.284085 2.294441
3.936143 2.572651
1.602543 2.611969
4.257425 4.131712
1.859519 1.844827
2.223342 3.064656
2.334592 4.235009
4.167726 2.908613
4.204858 2.112434
2.380671 1.816611
4.182710 2.538906
1.763723 2.172674
2.825858 1.965721
1.766119 1.799920
2.452037 4.083807
3.175568 3.575270
4.219060 3.299589
3.026867 1.807709
1.759777 4.242353
1.920186 4.199955
1.804137 2.159573
2.176662 1.778817
4.443109 3.787580
1.825244 2.008891
2.753567 2.041294
2.709691 1.642652
2.664371 2.340082
1.841257 4.118484
4.074808 3.576471
4.271479 2.622267
3.224666 4.111531
1.706190 1.818912
3.705215 3.538478
1.826941 2.256429
3.943384 2.466539
1.995653 1.902584
1.635975 4.217854
1.742394 1.871476
3.080613 4.326842
3.206440 4.259733
2.712480 3.792077
1.859134 4.226270
4.425062 4.247393
1.940171 1.843124
4.266290 1.762387
2.258744 2.412148
3.108025 1.816133
3.975764 4.193591
1.830983 4.070101
1.904310 1.568602
2.082844 2.086244
4.203196 4.008085
4.238690 4.372777
3.797594 1.665697
1.687648 4.002667
2.638922 3.353349
3.097854 2.023034
3.540618 1.806884
3.817947 1.731354
3.707101 1.715001
2.480878 3.196299
4.027422 2.816578
2.464260 4.246764
2.883305 2.791140
1.553185 3.661876
2.023450 1.836659
4.366620 2.583263
2.951539 3.966841
1.808664 4.187265
3.951243 2.723947
2.073134 4.323273
2.913093 1.714445
3.635062 3.764746
3.970372 3.952042
4.374259 4.095248
4.145513 3.264448
3.993208 3.945139
3.845404 4.411526
2.753911 2.723307
3.822117 3.355474
1.807257 3.179835
4.176631 3.146440
3.410528 4.113660
3.750368 1.666767
4.245857 2.628360
3.727191 4.364229
2.677671 4.281977
1.535387 -0.442217
-1.026552 -0.998472
-0.692945 -0.864976
-0.286126 -1.086420
-0.299018 -0.012717
-0.546338 -1.220564
-1.472881 -0.307432
-0.842209 -1.203984
-1.213578 -0.903348
-0.449453 -1.426447
-1.094097 -1.326021
-0.500378 -1.209026
-0.517395 -1.140985
-1.276374 -1.253504
-1.260958 -1.461193
-1.378066 -0.171726
-1.254043 -0.414293
-0.044481 -0.166689
-1.153362 -0.592414
-1.243662 -1.211968
-0.957215 -1.037210
-0.879501 -0.812676
-1.201896 -1.371226
-1.321226 -1.058140
-1.371196 -0.769081
-0.728000 -0.674023
-0.442348 -0.602967
-0.132582 -0.690414
-0.556575 -1.142319
-0.954437 -0.149293
-0.146587 -1.271961
-1.182861 -0.100926
-1.386617 -0.060194
-0.634785 -1.454453
-1.350574 -1.268790
-1.199803 -0.862774
-0.298372 -0.147244
-0.510468 -0.938995
-0.279319 -1.402316
-0.927886 -0.774066
-0.159806 -0.315632
-0.352140 -0.380013
-1.265942 -1.224247
-1.239326 -1.156663
-1.065755 -0.074252
-1.268700 -0.143244
-1.135543 -0.483779
-1.265353 -1.145505
-0.633095 -1.262277
-1.104308 -1.353828
-1.358963 -1.366962
-0.093935 -1.305692
-1.399905 -1.376218
-0.741135 -1.452396
-0.898744 -0.351400
-0.473465 -0.952986
-1.290541 -1.172840
-0.220257 -0.142621
-1.416699 -0.064649
-0.062858 -0.199532
-1.333697 -0.429844
-1.249869 -0.364137
-1.068444 -0.430809
-0.953728 -0.941764
-0.154834 -1.115449
-0.043996 -1.301446
-1.414625 -0.344376
-1.314059 -1.255312
-0.186531 -1.406994
-1.174959 -1.376348
-1.366041 -1.335073
-1.153319 -0.093641
-1.102204 -0.391962
-0.851186 -1.129601
-1.293348 -1.348615
-1.207134 -1.197696
-1.100564 -1.374021
-0.655306 -1.283331
-0.485272 -1.135634
-1.095820 -0.724259
-0.902675 -1.005433
-1.205578 -1.330393
-1.118745 -1.179011
-0.469612 -1.425607
-0.727105 -1.162670
-1.382461 -0.350141
-0.013373 -0.962208
-0.517554 -0.659885
-0.703878 -1.028943
-0.368067 -1.406358
-1.173666 -1.291710
-0.456106 -0.419773
-1.414685 -1.419606
-0.944040 -1.366584
-0.178069 -0.891435
-0.852924 -1.132932
-1.288205 -0.933594
-1.172991 -0.719904
-1.141456 -1.366719
-1.303157 -0.375262
-1.043166 -1.345603
-0.929971 -0.714137
-1.400647 -0.259639
-1.288181 -0.587706
-0.978694 -0.928373
-0.521984 -1.092346
-1.271833 -1.015044
-0.696790 -0.496496
-1.313914 -0.081517
-0.756170 -1.083287
-0.151681 -0.406164
-1.111673 -0.103806
-1.012772 -1.272215
-0.507207 -0.333252
-0.346642 -1.214259
-0.683037 -1.260251
-1.233076 -0.217607
-1.369572 -1.320476
-0.889735 -0.452389
-0.373332 -0.622406
-0.175451 -0.179354
-1.200488 -1.066241
-0.164823 -0.021112
-1.265746 -0.737888
-1.089706 -1.335035
-0.770617 -1.425303
-0.302797 -1.298857
-1.243477 -0.551632
-0.944211 -0.902222
-1.208895 -0.172343
-1.438700 -1.267707
-0.480342 -0.022583
-0.355315 -1.235617
-1.395844 -0.698721
-1.152783 -0.892920
-1.117784 -0.941974
-0.917388 -0.603229
-0.478978 -0.664600
-0.480438 -1.217804
-0.591954 -1.459932
-0.240623 -1.405148
-0.890485 -0.505128
-0.049656 -0.292419
-0.096146 -0.544329
-0.628931 -0.699783
-0.808846 -0.921850
-1.183540 -1.368036
-0.516081 -1.041596
-0.668104 -0.257010
-0.963340 -0.734113
-0.176347 -0.838161
-1.022637 -0.416668
-0.850671 -0.342896
-0.164019 -0.955244
-0.168995 -0.050190
-0.605103 -1.145046
-1.284119 -1.365195
-0.776631 -1.221655
-0.334651 -0.998864
-0.790200 -0.913626
-0.769476 -1.401200
-1.323302 -0.986729
-1.235749 -1.043072
-0.390066 -1.272116
-1.454483 -0.028245
-1.171805 -1.025776
-0.028982 -0.407705
-1.270934 -1.357370
-0.700963 -0.059452
-0.232822 -0.786422
-1.340366 -0.705921
-0.437472 -1.451365
-0.581598 -0.993830
-0.908670 -0.663482
-1.050840 -0.519631
-0.802376 -0.361517
-1.238358 -0.651119
-1.122038 -0.876954
-0.429600 -1.242641
-1.144544 -1.086095
-1.360288 -0.180424
-1.168462 -0.514054
-1.322415 -1.380294
-0.929003 -1.084289
-0.608598 -0.273613
-1.181180 -0.893022
-0.372876 -1.188306
-0.141170 -0.087462
