0.194597 0.136626
1.155159 1.710516
1.943185 0.498874
1.088551 1.418463
2.279587 1.246581
-0.226036 2.169189
1.277598 0.327137
0.152283 2.436719
1.815197 1.779713
2.386994 1.286560
1.947549 0.696442
-0.031276 2.177444
-0.050420 1.117292
-0.190568 1.645090
2.168153 1.559986
2.228790 1.633228
1.223042 2.335266
-0.133739 -0.214103
0.562141 2.392696
1.351553 1.150955
1.304750 1.470109
1.842225 -0.117167
1.735599 0.608102
0.627404 0.419955
2.156469 -0.092102
2.420380 1.993397
1.187692 0.345992
0.439584 2.271015
-0.338368 0.644226
2.025293 2.390417
-0.205454 1.869734
2.498546 0.851103
-0.258373 1.361124
2.570117 1.698220
2.342072 0.490391
0.453477 0.968259
2.285372 2.378182
0.459093 0.329079
1.895748 2.357481
2.495585 1.831950
2.191162 0.477320
0.386535 1.623202
0.751486 0.020338
-0.155948 1.584107
2.200151 1.271591
2.060501 -0.132253
1.627784 2.147367
1.925238 0.133669
1.829822 1.173389
2.393446 2.403130
2.375219 0.095046
0.662534 0.215761
-0.194713 2.275319
1.840857 2.455464
1.355069 1.513653
-0.006477 0.408927
0.027225 -0.239550
-0.186085 0.419773
2.234702 -0.324843
2.319415 0.375583
2.336911 1.884178
1.509361 2.460512
2.400720 -0.112075
0.896237 0.096207
1.388309 -0.043656
0.029797 2.119594
0.823861 0.113438
1.898409 -0.018918
1.041385 1.497063
2.391652 2.358301
-0.365333 0.087727
2.356859 0.037512
2.145647 0.012081
0.534775 -0.266081
0.308811 0.413124
1.107664 1.906957
1.856625 1.917147
1.227594 2.303196
0.822712 2.235967
0.749523 1.212534
2.571144 2.162336
-0.162296 2.411041
0.400086 1.646189
0.494445 0.342943
2.271048 1.072537
2.254311 2.339359
1.352041 0.008385
0.067175 2.298329
2.297849 2.370997
1.828742 1.236058
2.113753 2.117559
0.192366 2.221380
0.281989 2.074819
-0.292352 0.757127
0.322645 0.037806
1.060962 -0.100386
-0.290717 0.273530
0.441994 0.579425
2.069092 1.046002
2.368994 1.064458
0.331616 2.415430
2.476019 0.624055
2.445178 -0.183906
2.276822 2.249605
0.481048 1.768129
0.910168 1.939357
1.493195 0.554659
2.242258 1.978660
1.733767 1.906005
-0.361930 1.465674
0.754535 0.213601
-0.258076 2.143781
1.044254 1.750481
1.316748 2.134063
2.485154 1.099943
0.033537 -0.149611
-0.110113 1.293170
0.229227 1.988633
0.057883 2.090132
2.187556 0.665490
2.584647 -0.362009
2.207768 2.033823
-0.065485 1.607051
1.543251 2.053024
2.464613 -0.039860
1.048008 2.253606
-0.115685 1.217023
-0.299412 0.740175
2.573010 0.106276
2.375592 2.295226
2.311753 1.233260
-0.073297 1.957241
2.311646 0.261862
1.865831 2.416297
2.265320 1.494840
2.131914 2.307922
2.365949 1.176442
-0.310976 1.344635
-0.129835 1.878628
0.789524 1.997155
0.281532 2.045696
0.400758 1.143897
0.585585 -0.240939
2.365112 2.323184
0.086707 2.198378
1.333233 1.346356
0.338150 0.035270
2.508077 -0.038601
0.182929 2.288368
0.340192 0.355578
-0.307077 1.789902
2.542184 2.549602
0.494290 1.511160
1.007319 1.878115
-0.187360 -0.084014
1.016576 0.149366
2.227586 0.151535
-0.042411 1.899860
0.910616 0.808324
0.387624 1.599208
1.056737 -0.038274
1.333050 -0.089658
1.917839 2.306676
1.865319 1.505150
2.007997 0.228034
2.387379 0.968675
-0.111802 1.850241
2.208209 2.194515
1.535725 1.409366
1.275354 -0.306111
1.844472 0.690240
-0.181881 0.457376
-0.238150 1.175692
-0.361420 1.439423
2.021779 2.190210
0.079982 1.997295
2.051256 0.680623
1.070762 2.347971
-0.070886 2.286092
2.005182 0.309299
2.221020 -0.010088
2.420814 2.229028
2.096836 -0.165317
0.804018 2.300089
1.678081 0.228696
-0.220502 1.169611
1.580822 -0.067551
0.659494 0.479090
0.540135 0.982728
1.021271 0.487639
0.756141 1.019807
0.869920 0.582003
1.028924 0.376703
0.648587 1.106632
0.794693 0.756129
-0.023827 0.874031
0.786713 0.205883
1.177823 0.605225
1.051374 0.514575
0.369971 0.222452
1.116186 0.125016
0.832575 0.685312
0.941650 0.547056
0.908721 0.938077
0.065545 -0.048659
0.190118 0.750204
0.264297 0.997196
0.931083 0.911766
0.964672 0.584040
-0.121728 0.737662
0.922031 0.901214
0.766484 0.537574
0.376139 -0.012310
0.584809 1.063596
0.853774 0.762489
0.140830 -0.103219
0.770053 0.592792
0.030273 -0.206699
0.895766 0.098663
0.862322 0.204300
0.867822 -0.019549
0.793057 -0.212608
0.899367 0.976473
1.095768 -0.263359
0.226759 0.821444
0.612224 0.823317
-0.115330 0.217265
0.861128 0.314307
0.719809 0.714320
0.967391 1.050419
0.719253 -0.276873
0.941645 0.547540
0.935572 0.479452
-0.182083 0.788755
0.484803 0.766920
0.392610 0.610584
1.044998 0.174109
-0.214353 0.253807
0.782152 0.926385
0.528311 -0.270632
0.337889 0.729323
-0.175340 1.040722
1.035379 0.299496
0.892651 0.558718
-0.173207 0.240406
0.885964 0.069973
-0.190716 -0.189829
0.717995 0.133687
0.749855 0.823360
0.020990 -0.274876
-0.219753 0.930857
0.462889 0.985077
0.404706 0.651898
0.618371 0.929849
0.499488 0.751378
0.076383 0.932117
0.936770 0.170022
0.399367 -0.250157
0.519306 -0.241483
0.743334 0.368477
0.399883 0.779705
0.152200 0.889493
0.988766 0.934041
0.898282 0.807275
0.576172 0.879820
-0.085140 1.048314
0.258456 1.127167
1.173718 -0.210341
0.202858 0.094801
-0.085626 0.908320
0.754431 0.800082
0.730840 -0.207461
0.858228 0.431861
0.013921 0.912156
0.499492 0.688618
0.090914 0.527987
-0.259158 0.999000
1.050049 0.748004
0.342899 0.605376
0.132071 0.706900
0.550149 -0.059801
0.999635 0.680360
0.531585 0.925746
-0.048371 0.175610
0.918570 0.755274
0.754724 0.321366
0.975604 -0.139536
0.917922 0.880199
-0.246048 -0.235342
0.805667 0.336244
0.013599 0.549354
0.422259 1.007044
0.743707 1.165783
0.942312 0.911847
0.884392 0.522609
0.645778 0.684205
0.768214 -0.161682
0.940389 1.116077
0.573170 0.216290
0.547739 1.104869
0.713141 1.140571
0.208999 0.227714
1.197661 0.290693
0.091737 0.479238
0.838228 0.778333
0.489903 0.293873
0.457715 0.266205
0.986902 -0.201576
0.033076 0.531928
0.543629 0.605639
0.807841 0.858149
0.774896 -0.003183
0.412315 1.163840
-0.122637 0.513653
1.146829 -0.121080
0.797649 -0.152152
0.776914 -0.040451
-0.295745 0.012675
1.054554 -0.189479
0.877100 0.262782
0.682913 0.702980
-0.015251 0.400596
1.091341 0.477595
0.082629 0.321910
0.905413 0.034471
0.916009 0.474987
0.714580 0.982551
0.804273 0.649299
0.611669 0.915991
0.914440 0.934970
-0.167056 0.454074
0.385574 0.753854
0.266352 1.167509
0.959571 0.835998
0.219011 -0.060415
0.195362 0.507855
0.349554 0.828884
0.752358 -0.115525
0.725421 0.037777
-0.074587 0.737197
0.795498 0.885967
0.649427 0.453528
-0.202915 0.906833
0.531738 0.215691
0.375876 -0.121954
0.821026 0.991231
0.859858 0.900721
0.774788 1.003543
0.178577 0.920484
0.099229 0.748437
0.053150 0.783793
0.785016 0.764080
0.744404 0.320171
1.183235 0.193665
0.946301 0.490332
0.329397 1.076516
0.858433 1.083935
-0.254022 0.680395
0.845066 0.251596
0.810814 -0.163064
1.141179 -0.141718
1.016960 0.447631
0.419140 0.670682
0.638198 0.837500
1.118696 1.121578
-0.030271 -0.262579
0.596040 0.827996
0.790149 0.645935
0.660834 0.008876
0.591030 0.721854
0.178280 0.901565
0.382407 0.936452
0.808340 0.277619
1.111386 0.961432
0.555655 0.970224
