0.851678 -1.588515
0.545225 0.480179
0.506940 0.713139
-1.515548 -1.821881
0.881589 -1.797866
-0.140339 -0.556614
0.657005 -1.415749
-1.016938 -0.956049
0.684984 -1.700493
-0.924897 0.014502
-0.493442 -1.704802
-0.070355 -1.618147
-1.292349 -0.910299
-0.833358 -1.311385
-0.725206 -0.217137
0.856686 -1.163066
0.762074 -1.877804
0.882886 -0.252380
0.702823 -0.806118
-0.827732 -1.210613
-1.343614 0.521063
0.547317 -0.528611
-0.397712 -0.277711
-1.420607 -0.380785
0.697892 0.783393
0.738817 -1.672494
-1.587421 -1.733929
-1.545636 -1.671370
0.218106 0.268544
0.810776 0.678892
-0.309061 -1.385542
0.791516 -0.051712
-1.694227 0.835771
-0.160724 -0.172797
0.269112 -0.230000
-1.698900 0.650171
0.927176 0.773311
0.249152 0.666402
-0.877574 -1.548092
0.414146 -1.910639
0.641245 -1.764895
0.834568 -0.555161
0.181203 -0.932868
-1.402628 -1.305345
-1.716953 -1.034929
0.746806 -0.199326
-1.707813 -0.045239
-0.955998 0.467222
-0.342877 -0.919621
-0.287294 -0.625919
-0.598625 -1.807313
-0.217625 -0.363680
0.073395 -1.598690
-0.691725 -1.651363
0.658726 0.853531
0.395148 -0.957769
0.364549 -1.771691
-1.854795 -0.886155
-1.986585 0.951719
-1.640594 -0.101567
-1.715709 -1.207416
-1.948318 -1.349699
-1.798820 0.552359
0.271543 -1.913848
-1.193593 0.912334
-0.038289 -0.236106
0.748794 0.016384
-0.782909 -1.774044
-0.363874 -1.157287
-0.012470 -0.469186
0.028662 -1.017465
0.668140 -1.057948
-1.928763 0.475307
-1.309203 -0.182618
-0.540869 -1.261269
-0.514631 0.381371
-0.750139 -1.481905
-0.101827 0.548788
-1.354666 0.229220
0.535087 0.357488
0.475836 -1.028163
-1.030244 0.475161
-1.382817 0.558434
-0.484339 0.445897
-0.637851 -1.066877
0.645821 0.783945
0.477397 -1.801351
0.536296 0.812577
0.553309 0.673931
-0.920391 -0.004024
0.032541 0.709173
0.778255 -0.998485
-0.631890 0.162846
0.041988 0.868406
0.256805 0.465518
-1.074876 -0.503674
-1.544445 0.381040
0.458702 -0.013317
-0.544597 -0.121084
0.652517 0.251385
-0.215915 -1.205559
0.436143 -0.927349
-1.897457 -0.888031
0.757425 0.631712
-1.640481 -1.655173
-1.276658 -0.435344
-1.165408 0.735009
0.667726 -0.591387
0.704858 -1.387566
-1.119329 -1.683389
0.682710 -0.961094
-1.736277 -1.327326
-0.674142 -1.534279
-1.733881 -1.700080
-1.047963 0.583807
-0.324432 0.075270
0.719060 -0.200411
-0.473133 -1.692291
-1.740223 0.742353
-1.579814 0.699955
-1.695863 -1.340427
-1.323338 -1.721183
0.943109 0.287580
-1.674756 -1.491109
-0.746433 -1.458706
-0.790309 -1.857348
-0.835629 -1.159918
-1.658743 0.618484
0.574808 0.076471
0.771479 -0.877733
-0.275334 0.611531
-1.793810 -1.681088
0.205215 0.038478
-1.673059 -1.243571
0.443384 -1.033461
-1.504347 -1.597416
-1.864025 0.717854
-1.757606 -1.628524
-0.419387 0.826842
-0.293560 0.759733
-0.787520 0.292077
-1.640866 0.726270
0.925062 0.747393
-1.559829 -1.656876
0.766290 -1.737613
-1.241256 -1.087852
-0.391975 -1.683867
0.475764 0.693591
-1.669017 0.570101
-1.595690 -1.931398
-1.417156 -1.413756
0.703196 0.508085
0.738690 0.872777
0.297594 -1.834303
-1.812352 0.502667
-0.861078 -0.146651
-0.402146 -1.476966
0.040618 -1.693116
0.317947 -1.768646
0.207101 -1.784999
-1.019122 -0.303701
0.527422 -0.683422
-1.035740 0.746764
-0.616695 -0.708860
-1.946815 0.161876
-1.476550 -1.663341
0.866620 -0.916737
-0.548461 0.466841
-1.691336 0.687265
0.451243 -0.776053
-1.426866 0.823273
-0.586907 -1.785555
0.135062 0.264746
0.470372 0.452042
0.874259 0.595248
0.645513 -0.235552
0.493208 0.445139
0.345404 0.911526
-0.746089 -0.776693
0.322117 -0.144526
-1.692743 -0.320165
0.676631 -0.353560
-0.089472 0.613660
0.250368 -1.833233
0.745857 -0.871640
0.227191 0.864229
-0.822329 0.781977
-1.964613 -0.442217
-1.026552 -0.998472
-0.692945 -0.864976
-0.286126 -1.086420
-0.299018 -0.012717
-0.546338 -1.220564
-1.472881 -0.307432
-0.842209 -1.203984
-1.213578 -0.903348
-0.449453 -1.426447
-1.094097 -1.326021
-0.500378 -1.209026
-0.517395 -1.140985
-1.276374 -1.253504
-1.260958 -1.461193
-1.378066 -0.171726
-1.254043 -0.414293
-0.044481 -0.166689
-1.153362 -0.592414
-1.243662 -1.211968
-0.957215 -1.037210
-0.879501 -0.812676
-1.201896 -1.371226
-1.321226 -1.058140
-1.371196 -0.769081
-0.728000 -0.674023
-0.442348 -0.602967
-0.132582 -0.690414
-0.556575 -1.142319
-0.954437 -0.149293
-0.146587 -1.271961
-1.182861 -0.100926
-1.386617 -0.060194
-0.634785 -1.454453
-1.350574 -1.268790
-1.199803 -0.862774
-0.298372 -0.147244
-0.510468 -0.938995
-0.279319 -1.402316
-0.927886 -0.774066
-0.159806 -0.315632
-0.352140 -0.380013
-1.265942 -1.224247
-1.239326 -1.156663
-1.065755 -0.074252
-1.268700 -0.143244
-1.135543 -0.483779
-1.265353 -1.145505
-0.633095 -1.262277
-1.104308 -1.353828
-1.358963 -1.366962
-0.093935 -1.305692
-1.399905 -1.376218
-0.741135 -1.452396
-0.898744 -0.351400
-0.473465 -0.952986
-1.290541 -1.172840
-0.220257 -0.142621
-1.416699 -0.064649
-0.062858 -0.199532
-1.333697 -0.429844
-1.249869 -0.364137
-1.068444 -0.430809
-0.953728 -0.941764
-0.154834 -1.115449
-0.043996 -1.301446
-1.414625 -0.344376
-1.314059 -1.255312
-0.186531 -1.406994
-1.174959 -1.376348
-1.366041 -1.335073
-1.153319 -0.093641
-1.102204 -0.391962
-0.851186 -1.129601
-1.293348 -1.348615
-1.207134 -1.197696
-1.100564 -1.374021
-0.655306 -1.283331
-0.485272 -1.135634
-1.095820 -0.724259
-0.902675 -1.005433
-1.205578 -1.330393
-1.118745 -1.179011
-0.469612 -1.425607
-0.727105 -1.162670
-1.382461 -0.350141
-0.013373 -0.962208
-0.517554 -0.659885
-0.703878 -1.028943
-0.368067 -1.406358
-1.173666 -1.291710
-0.456106 -0.419773
-1.414685 -1.419606
-0.944040 -1.366584
-0.178069 -0.891435
-0.852924 -1.132932
-1.288205 -0.933594
-1.172991 -0.719904
-1.141456 -1.366719
-1.303157 -0.375262
-1.043166 -1.345603
-0.929971 -0.714137
-1.400647 -0.259639
-1.288181 -0.587706
-0.978694 -0.928373
-0.521984 -1.092346
-1.271833 -1.015044
-0.696790 -0.496496
-1.313914 -0.081517
-0.756170 -1.083287
-0.151681 -0.406164
-1.111673 -0.103806
-1.012772 -1.272215
-0.507207 -0.333252
-0.346642 -1.214259
-0.683037 -1.260251
-1.233076 -0.217607
-1.369572 -1.320476
-0.889735 -0.452389
-0.373332 -0.622406
-0.175451 -0.179354
-1.200488 -1.066241
-0.164823 -0.021112
-1.265746 -0.737888
-1.089706 -1.335035
-0.770617 -1.425303
-0.302797 -1.298857
-1.243477 -0.551632
-0.944211 -0.902222
-1.208895 -0.172343
-1.438700 -1.267707
-0.480342 -0.022583
-0.355315 -1.235617
-1.395844 -0.698721
-1.152783 -0.892920
-1.117784 -0.941974
-0.917388 -0.603229
-0.478978 -0.664600
-0.480438 -1.217804
-0.591954 -1.459932
-0.240623 -1.405148
-0.890485 -0.505128
-0.049656 -0.292419
-0.096146 -0.544329
-0.628931 -0.699783
-0.808846 -0.921850
-1.183540 -1.368036
-0.516081 -1.041596
-0.668104 -0.257010
-0.963340 -0.734113
-0.176347 -0.838161
-1.022637 -0.416668
-0.850671 -0.342896
-0.164019 -0.955244
-0.168995 -0.050190
-0.605103 -1.145046
-1.284119 -1.365195
-0.776631 -1.221655
-0.334651 -0.998864
-0.790200 -0.913626
-0.769476 -1.401200
-1.323302 -0.986729
-1.235749 -1.043072
-0.390066 -1.272116
-1.454483 -0.028245
-1.171805 -1.025776
-0.028982 -0.407705
-1.270934 -1.357370
-0.700963 -0.059452
-0.232822 -0.786422
-1.340366 -0.705921
-0.437472 -1.451365
-0.581598 -0.993830
-0.908670 -0.663482
-1.050840 -0.519631
-0.802376 -0.361517
-1.238358 -0.651119
-1.122038 -0.876954
-0.429600 -1.242641
-1.144544 -1.086095
-1.360288 -0.180424
-1.168462 -0.514054
-1.322415 -1.380294
-0.929003 -1.084289
-0.608598 -0.273613
-1.181180 -0.893022
-0.372876 -1.188306
-0.141170 -0.087462
